0.3095974028
-0.2607744038
0.8172351122
-0.6080404520
-0.6219558120
-0.5574308634
0.7578827739
0.3212103248
1.0851315260
-0.7895043492
-0.9413883686
-0.7200719714
-0.6937323809
0.4214763045
0.3202631474
0.6567657590
-0.7090030909
-0.7550060749
0.6229183674
-0.2601385415
0.6060482264
-0.2834120095
0.6712788343
-0.7088342905
-0.4621473849
0.4503738880
0.2054309994
-0.1215024143
0.5522010922
0.5700007677
-0.6932744384
-0.4305175543
0.9607605338
-0.3356248438
-0.3585366011
-0.7789082527
-0.5716373920
0.0372390710
-0.1280000359
-0.6900810003
-0.0179274287
-0.7287047505
-0.8320476413
-0.6744899154
-0.8688417077
-0.5857143998
0.8873985410
0.1633910537
0.3208791018
-0.8063352704
-0.6316304803
-0.3048607707
0.1450296640
-0.8830620050
-0.3928706944
-0.6183124185
0.0159426276
-0.3544146419
-0.3491785526
-0.7502833605
-0.6863992214
-0.5836999416
-0.3233545125
-0.7798573375
